0.87758,-0.47943,0,0.47943,0.87758,0,0,0,1,0.17481,0.5955,0.7535,0
0.87758,-0.47943,1.4292e-05,0.47943,0.87758,3.6494e-06,-1.4292e-05,3.6494e-06,1,0.17482,0.5955,0.7535,0
0.87758,-0.47943,5.7121e-05,0.47943,0.87758,1.4585e-05,-5.7121e-05,1.4585e-05,1,0.17483,0.59549,0.75349,0
0.87758,-0.47943,0.00012842,0.47943,0.87758,3.279e-05,-0.00012842,3.279e-05,1,0.17485,0.59548,0.75347,0
0.87758,-0.47943,0.0002281,0.47943,0.87758,5.8244e-05,-0.0002281,5.8244e-05,1,0.17488,0.59546,0.75345,0
0.87758,-0.47943,0.00035611,0.47943,0.87758,9.093e-05,-0.00035611,9.093e-05,1,0.17491,0.59543,0.75343,0
0.87758,-0.47943,0.00051237,0.47943,0.87758,0.00013083,-0.00051237,0.00013083,1,0.17495,0.5954,0.75339,0
0.87758,-0.47943,0.00069681,0.47943,0.87758,0.00017792,-0.00069681,0.00017792,1,0.175,0.59537,0.75336,0
0.87758,-0.47943,0.00090935,0.47943,0.87758,0.0002322,-0.00090935,0.0002322,1,0.17506,0.59532,0.75331,0
0.87758,-0.47943,0.0011499,0.47943,0.87758,0.00029363,-0.0011499,0.00029363,1,0.17513,0.59528,0.75326,0
0.87758,-0.47943,0.0014185,0.47943,0.87758,0.0003622,-0.0014185,0.0003622,1,0.1752,0.59522,0.75321,0
0.87758,-0.47943,0.0017149,0.47943,0.87758,0.00043789,-0.0017149,0.00043789,1,0.17528,0.59517,0.75315,0
0.87758,-0.47943,0.0020392,0.47943,0.87758,0.00052069,-0.0020392,0.00052069,1,0.17537,0.5951,0.75308,0
0.87758,-0.47942,0.0023912,0.47942,0.87758,0.00061057,-0.0023912,0.00061057,1,0.17546,0.59503,0.75301,0
0.87758,-0.47942,0.0027709,0.47942,0.87758,0.00070752,-0.0027709,0.00070752,1,0.17557,0.59496,0.75293,0
0.87758,-0.47942,0.0031781,0.47942,0.87758,0.00081151,-0.0031781,0.00081151,0.99999,0.17568,0.59488,0.75284,0
0.87758,-0.47942,0.003613,0.47942,0.87758,0.00092254,-0.003613,0.00092254,0.99999,0.17579,0.59479,0.75275,0
0.87757,-0.47942,0.0040753,0.47942,0.87758,0.0010406,-0.0040753,0.0010406,0.99999,0.17592,0.5947,0.75266,0
0.87757,-0.47942,0.0045649,0.47942,0.87758,0.0011656,-0.0045649,0.0011656,0.99999,0.17605,0.59461,0.75256,0
0.87757,-0.47942,0.0050819,0.47942,0.87758,0.0012976,-0.0050819,0.0012976,0.99999,0.17619,0.59451,0.75245,0
0.87757,-0.47942,0.0056261,0.47942,0.87758,0.0014366,-0.0056261,0.0014366,0.99998,0.17634,0.5944,0.75234,0
0.87756,-0.47942,0.0061976,0.47942,0.87758,0.0015825,-0.0061976,0.0015825,0.99998,0.17649,0.59429,0.75222,0
0.87756,-0.47942,0.0067961,0.47942,0.87758,0.0017353,-0.0067961,0.0017353,0.99998,0.17666,0.59417,0.7521,0
0.87756,-0.47942,0.0074216,0.47942,0.87758,0.001895,-0.0074216,0.001895,0.99997,0.17683,0.59405,0.75197,0
0.87755,-0.47942,0.0080741,0.47942,0.87758,0.0020617,-0.0080741,0.0020617,0.99997,0.177,0.59392,0.75183,0
0.87754,-0.47942,0.0087535,0.47942,0.87759,0.0022351,-0.0087535,0.0022351,0.99996,0.17719,0.59379,0.75169,0
0.87754,-0.47941,0.0094597,0.47941,0.87759,0.0024155,-0.0094597,0.0024155,0.99995,0.17738,0.59365,0.75155,0
0.87753,-0.47941,0.010193,0.47941,0.87759,0.0026026,-0.010193,0.0026026,0.99994,0.17758,0.59351,0.7514,0
0.87752,-0.47941,0.010952,0.47941,0.87759,0.0027966,-0.010952,0.0027966,0.99994,0.17778,0.59336,0.75124,0
0.87751,-0.47941,0.011738,0.47941,0.87759,0.0029973,-0.011738,0.0029973,0.99993,0.178,0.59321,0.75108,0
0.8775,-0.47941,0.012551,0.47941,0.87759,0.0032048,-0.012551,0.0032048,0.99992,0.17822,0.59305,0.75091,0
0.87749,-0.4794,0.01339,0.4794,0.87759,0.0034191,-0.01339,0.0034191,0.9999,0.17844,0.59288,0.75074,0
0.87748,-0.4794,0.014256,0.4794,0.87759,0.0036401,-0.014256,0.0036401,0.99989,0.17868,0.59271,0.75056,0
0.87747,-0.4794,0.015148,0.4794,0.87759,0.0038678,-0.015148,0.0038678,0.99988,0.17892,0.59254,0.75037,0
0.87745,-0.47939,0.016066,0.47939,0.87759,0.0041023,-0.016066,0.0041023,0.99986,0.17917,0.59236,0.75018,0
0.87744,-0.47939,0.01701,0.47939,0.87759,0.0043434,-0.01701,0.0043434,0.99985,0.17943,0.59217,0.74999,0
0.87742,-0.47938,0.01798,0.47938,0.87759,0.0045911,-0.01798,0.0045911,0.99983,0.17969,0.59198,0.74979,0
0.8774,-0.47938,0.018977,0.47938,0.87759,0.0048455,-0.018977,0.0048455,0.99981,0.17996,0.59179,0.74958,0
0.87738,-0.47937,0.019999,0.47937,0.8776,0.0051066,-0.019999,0.0051066,0.99979,0.18024,0.59159,0.74937,0
0.87736,-0.47937,0.021047,0.47937,0.8776,0.0053742,-0.021047,0.0053742,0.99976,0.18052,0.59138,0.74915,0
0.87734,-0.47936,0.022121,0.47936,0.8776,0.0056484,-0.022121,0.0056484,0.99974,0.18081,0.59117,0.74893,0
0.87731,-0.47936,0.02322,0.47936,0.8776,0.0059292,-0.02322,0.0059292,0.99971,0.18111,0.59096,0.74871,0
0.87729,-0.47935,0.024346,0.47935,0.8776,0.0062165,-0.024346,0.0062165,0.99968,0.18142,0.59074,0.74847,0
0.87726,-0.47934,0.025497,0.47934,0.8776,0.0065103,-0.025497,0.0065103,0.99965,0.18173,0.59051,0.74823,0
0.87723,-0.47933,0.026673,0.47933,0.87761,0.0068107,-0.026673,0.0068107,0.99962,0.18205,0.59028,0.74799,0
0.87719,-0.47933,0.027874,0.47933,0.87761,0.0071175,-0.027874,0.0071175,0.99959,0.18237,0.59005,0.74774,0
0.87716,-0.47932,0.029101,0.47932,0.87761,0.0074308,-0.029101,0.0074308,0.99955,0.1827,0.58981,0.74749,0
0.87712,-0.47931,0.030354,0.47931,0.87761,0.0077506,-0.030354,0.0077506,0.99951,0.18304,0.58956,0.74723,0
0.87708,-0.4793,0.031631,0.4793,0.87762,0.0080768,-0.031631,0.0080768,0.99947,0.18339,0.58931,0.74697,0
0.87704,-0.47929,0.032934,0.47929,0.87762,0.0084094,-0.032934,0.0084094,0.99942,0.18374,0.58906,0.7467,0
0.877,-0.47928,0.034261,0.47928,0.87762,0.0087484,-0.034261,0.0087484,0.99937,0.1841,0.5888,0.74642,0
0.87695,-0.47926,0.035614,0.47926,0.87762,0.0090937,-0.035614,0.0090937,0.99932,0.18447,0.58853,0.74614,0
0.8769,-0.47925,0.036991,0.47925,0.87763,0.0094454,-0.036991,0.0094454,0.99927,0.18484,0.58826,0.74586,0
0.87685,-0.47924,0.038393,0.47924,0.87763,0.0098035,-0.038393,0.0098035,0.99921,0.18523,0.58799,0.74557,0
0.87679,-0.47922,0.03982,0.47922,0.87763,0.010168,-0.03982,0.010168,0.99916,0.18561,0.58771,0.74528,0
0.87673,-0.47921,0.041272,0.47921,0.87764,0.010538,-0.041272,0.010538,0.99909,0.18601,0.58742,0.74498,0
0.87667,-0.47919,0.042748,0.47919,0.87764,0.010915,-0.042748,0.010915,0.99903,0.18641,0.58714,0.74467,0
0.8766,-0.47918,0.044249,0.47918,0.87765,0.011298,-0.044249,0.011298,0.99896,0.18681,0.58684,0.74436,0
0.87653,-0.47916,0.045773,0.47916,0.87765,0.011688,-0.045773,0.011688,0.99888,0.18723,0.58654,0.74405,0
0.87646,-0.47914,0.047323,0.47914,0.87766,0.012083,-0.047323,0.012083,0.99881,0.18765,0.58624,0.74373,0
0.87639,-0.47912,0.048896,0.47912,0.87766,0.012485,-0.048896,0.012485,0.99873,0.18808,0.58593,0.7434,0
0.87631,-0.4791,0.050494,0.4791,0.87767,0.012893,-0.050494,0.012893,0.99864,0.18851,0.58562,0.74307,0
0.87622,-0.47908,0.052116,0.47908,0.87767,0.013307,-0.052116,0.013307,0.99855,0.18895,0.5853,0.74273,0
0.87614,-0.47906,0.053761,0.47906,0.87768,0.013727,-0.053761,0.013727,0.99846,0.1894,0.58498,0.74239,0
0.87605,-0.47903,0.055431,0.47903,0.87768,0.014154,-0.055431,0.014154,0.99836,0.18985,0.58465,0.74205,0
0.87595,-0.47901,0.057124,0.47901,0.87769,0.014586,-0.057124,0.014586,0.99826,0.19031,0.58432,0.7417,0
0.87585,-0.47898,0.058841,0.47898,0.8777,0.015025,-0.058841,0.015025,0.99815,0.19078,0.58398,0.74134,0
0.87575,-0.47896,0.060582,0.47896,0.8777,0.015469,-0.060582,0.015469,0.99804,0.19125,0.58364,0.74098,0
0.87564,-0.47893,0.062347,0.47893,0.87771,0.01592,-0.062347,0.01592,0.99793,0.19173,0.5833,0.74062,0
0.87552,-0.4789,0.064134,0.4789,0.87772,0.016376,-0.064134,0.016376,0.99781,0.19221,0.58295,0.74025,0
0.87541,-0.47887,0.065946,0.47887,0.87772,0.016839,-0.065946,0.016839,0.99768,0.19271,0.58259,0.73987,0
0.87528,-0.47884,0.06778,0.47884,0.87773,0.017307,-0.06778,0.017307,0.99755,0.1932,0.58223,0.73949,0
0.87515,-0.47881,0.069638,0.47881,0.87774,0.017781,-0.069638,0.017781,0.99741,0.19371,0.58187,0.73911,0
0.87502,-0.47877,0.071519,0.47877,0.87775,0.018262,-0.071519,0.018262,0.99727,0.19422,0.5815,0.73872,0
0.87488,-0.47874,0.073423,0.47874,0.87776,0.018748,-0.073423,0.018748,0.99712,0.19474,0.58112,0.73833,0
0.87474,-0.4787,0.07535,0.4787,0.87777,0.01924,-0.07535,0.01924,0.99697,0.19526,0.58075,0.73793,0
0.87459,-0.47866,0.077299,0.47866,0.87778,0.019738,-0.077299,0.019738,0.99681,0.19579,0.58036,0.73752,0
0.87444,-0.47862,0.079272,0.47862,0.87779,0.020241,-0.079272,0.020241,0.99665,0.19633,0.57998,0.73711,0
0.87427,-0.47858,0.081267,0.47858,0.8778,0.020751,-0.081267,0.020751,0.99648,0.19687,0.57958,0.7367,0
0.87411,-0.47854,0.083285,0.47854,0.87781,0.021266,-0.083285,0.021266,0.9963,0.19742,0.57919,0.73628,0
0.87394,-0.47849,0.085325,0.47849,0.87782,0.021787,-0.085325,0.021787,0.99611,0.19798,0.57879,0.73586,0
0.87376,-0.47845,0.087388,0.47845,0.87783,0.022314,-0.087388,0.022314,0.99592,0.19854,0.57838,0.73543,0
0.87357,-0.4784,0.089473,0.4784,0.87784,0.022846,-0.089473,0.022846,0.99573,0.1991,0.57797,0.735,0
0.87338,-0.47835,0.09158,0.47835,0.87786,0.023384,-0.09158,0.023384,0.99552,0.19968,0.57756,0.73456,0
0.87318,-0.4783,0.093709,0.4783,0.87787,0.023928,-0.093709,0.023928,0.99531,0.20026,0.57714,0.73412,0
0.87298,-0.47825,0.095861,0.47825,0.87788,0.024477,-0.095861,0.024477,0.99509,0.20084,0.57672,0.73367,0
0.87276,-0.4782,0.098034,0.4782,0.8779,0.025032,-0.098034,0.025032,0.99487,0.20144,0.57629,0.73322,0
0.87255,-0.47814,0.10023,0.47814,0.87791,0.025593,-0.10023,0.025593,0.99464,0.20203,0.57586,0.73277,0
0.87232,-0.47808,0.10245,0.47808,0.87793,0.026159,-0.10245,0.026159,0.99439,0.20264,0.57542,0.73231,0
0.87209,-0.47802,0.10468,0.47802,0.87794,0.02673,-0.10468,0.02673,0.99415,0.20325,0.57498,0.73184,0
0.87185,-0.47796,0.10694,0.47796,0.87796,0.027307,-0.10694,0.027307,0.99389,0.20387,0.57454,0.73137,0
0.8716,-0.4779,0.10923,0.4779,0.87797,0.02789,-0.10923,0.02789,0.99363,0.20449,0.57409,0.7309,0
0.87134,-0.47783,0.11153,0.47783,0.87799,0.028478,-0.11153,0.028478,0.99335,0.20512,0.57363,0.73042,0
0.87108,-0.47776,0.11385,0.47776,0.87801,0.029071,-0.11385,0.029071,0.99307,0.20575,0.57318,0.72994,0
0.87081,-0.4777,0.1162,0.4777,0.87802,0.02967,-0.1162,0.02967,0.99278,0.20639,0.57271,0.72945,0
0.87053,-0.47762,0.11856,0.47762,0.87804,0.030274,-0.11856,0.030274,0.99248,0.20704,0.57225,0.72896,0
0.87024,-0.47755,0.12095,0.47755,0.87806,0.030884,-0.12095,0.030884,0.99218,0.20769,0.57178,0.72846,0
0.86994,-0.47747,0.12336,0.47747,0.87808,0.031499,-0.12336,0.031499,0.99186,0.20835,0.5713,0.72796,0
0.86964,-0.4774,0.12579,0.4774,0.8781,0.032119,-0.12579,0.032119,0.99154,0.20901,0.57082,0.72745,0
0.86932,-0.47732,0.12824,0.47732,0.87812,0.032744,-0.12824,0.032744,0.9912,0.20968,0.57034,0.72694,0
0.869,-0.47723,0.13071,0.47723,0.87814,0.033375,-0.13071,0.033375,0.99086,0.21036,0.56985,0.72643,0
0.86867,-0.47715,0.1332,0.47715,0.87816,0.034011,-0.1332,0.034011,0.99051,0.21104,0.56936,0.72591,0
0.86833,-0.47706,0.13571,0.47706,0.87819,0.034652,-0.13571,0.034652,0.99014,0.21172,0.56886,0.72539,0
0.86798,-0.47697,0.13824,0.47697,0.87821,0.035298,-0.13824,0.035298,0.98977,0.21242,0.56836,0.72486,0
0.86762,-0.47688,0.14079,0.47688,0.87823,0.035949,-0.14079,0.035949,0.98939,0.21312,0.56786,0.72433,0
0.86725,-0.47679,0.14336,0.47679,0.87826,0.036605,-0.14336,0.036605,0.98899,0.21382,0.56735,0.72379,0
0.86687,-0.47669,0.14595,0.47669,0.87828,0.037267,-0.14595,0.037267,0.98859,0.21453,0.56684,0.72325,0
0.86648,-0.47659,0.14856,0.47659,0.87831,0.037933,-0.14856,0.037933,0.98818,0.21525,0.56632,0.7227,0
0.86608,-0.47649,0.15119,0.47649,0.87833,0.038605,-0.15119,0.038605,0.98775,0.21597,0.5658,0.72216,0
0.86567,-0.47638,0.15384,0.47638,0.87836,0.039281,-0.15384,0.039281,0.98732,0.2167,0.56528,0.7216,0
0.86525,-0.47628,0.15651,0.47628,0.87839,0.039963,-0.15651,0.039963,0.98687,0.21743,0.56475,0.72104,0
0.86482,-0.47617,0.15919,0.47617,0.87841,0.040649,-0.15919,0.040649,0.98641,0.21817,0.56422,0.72048,0
0.86438,-0.47606,0.1619,0.47606,0.87844,0.04134,-0.1619,0.04134,0.98594,0.21891,0.56368,0.71991,0
0.86393,-0.47594,0.16463,0.47594,0.87847,0.042036,-0.16463,0.042036,0.98546,0.21966,0.56314,0.71934,0
0.86347,-0.47582,0.16737,0.47582,0.8785,0.042737,-0.16737,0.042737,0.98497,0.22042,0.56259,0.71877,0
0.863,-0.4757,0.17013,0.4757,0.87853,0.043442,-0.17013,0.043442,0.98446,0.22118,0.56204,0.71819,0
0.86251,-0.47558,0.17292,0.47558,0.87857,0.044153,-0.17292,0.044153,0.98395,0.22194,0.56149,0.7176,0
0.86202,-0.47545,0.17572,0.47545,0.8786,0.044868,-0.17572,0.044868,0.98342,0.22271,0.56093,0.71702,0
0.86151,-0.47532,0.17854,0.47532,0.87863,0.045588,-0.17854,0.045588,0.98288,0.22349,0.56037,0.71642,0
0.86099,-0.47519,0.18137,0.47519,0.87866,0.046312,-0.18137,0.046312,0.98232,0.22427,0.55981,0.71583,0
0.86046,-0.47505,0.18423,0.47505,0.8787,0.047041,-0.18423,0.047041,0.98176,0.22506,0.55924,0.71523,0
0.85991,-0.47491,0.1871,0.47491,0.87873,0.047775,-0.1871,0.047775,0.98118,0.22586,0.55867,0.71462,0
0.85936,-0.47477,0.18999,0.47477,0.87877,0.048513,-0.18999,0.048513,0.98059,0.22666,0.55809,0.71402,0
0.85879,-0.47463,0.1929,0.47463,0.87881,0.049256,-0.1929,0.049256,0.97998,0.22746,0.55751,0.7134,0
0.85821,-0.47448,0.19583,0.47448,0.87885,0.050003,-0.19583,0.050003,0.97936,0.22827,0.55693,0.71279,0
0.85762,-0.47433,0.19877,0.47433,0.87888,0.050754,-0.19877,0.050754,0.97873,0.22908,0.55634,0.71217,0
0.85701,-0.47417,0.20173,0.47417,0.87892,0.051511,-0.20173,0.051511,0.97809,0.22991,0.55574,0.71154,0
0.85639,-0.47401,0.20471,0.47401,0.87896,0.052271,-0.20471,0.052271,0.97743,0.23073,0.55515,0.71091,0
0.85576,-0.47385,0.2077,0.47385,0.87901,0.053036,-0.2077,0.053036,0.97675,0.23156,0.55455,0.71028,0
0.85511,-0.47369,0.21072,0.47369,0.87905,0.053805,-0.21072,0.053805,0.97607,0.2324,0.55395,0.70964,0
0.85445,-0.47352,0.21375,0.47352,0.87909,0.054578,-0.21375,0.054578,0.97536,0.23324,0.55334,0.709,0
0.85378,-0.47335,0.21679,0.47335,0.87913,0.055356,-0.21679,0.055356,0.97465,0.23409,0.55273,0.70836,0
0.8531,-0.47317,0.21985,0.47317,0.87918,0.056138,-0.21985,0.056138,0.97392,0.23494,0.55211,0.70771,0
0.8524,-0.47299,0.22293,0.47299,0.87922,0.056924,-0.22293,0.056924,0.97317,0.2358,0.55149,0.70705,0
0.85168,-0.47281,0.22603,0.47281,0.87927,0.057714,-0.22603,0.057714,0.97241,0.23666,0.55087,0.7064,0
0.85095,-0.47263,0.22914,0.47263,0.87932,0.058508,-0.22914,0.058508,0.97163,0.23753,0.55025,0.70574,0
0.85021,-0.47244,0.23226,0.47244,0.87937,0.059307,-0.23226,0.059307,0.97084,0.2384,0.54962,0.70507,0
0.84945,-0.47224,0.23541,0.47224,0.87942,0.060109,-0.23541,0.060109,0.97004,0.23928,0.54898,0.7044,0
0.84868,-0.47205,0.23856,0.47205,0.87947,0.060915,-0.23856,0.060915,0.96921,0.24016,0.54835,0.70373,0
0.84789,-0.47185,0.24174,0.47185,0.87952,0.061726,-0.24174,0.061726,0.96838,0.24105,0.5477,0.70305,0
0.84709,-0.47164,0.24493,0.47164,0.87957,0.06254,-0.24493,0.06254,0.96752,0.24194,0.54706,0.70237,0
0.84628,-0.47143,0.24813,0.47143,0.87962,0.063358,-0.24813,0.063358,0.96665,0.24284,0.54641,0.70169,0
0.84544,-0.47122,0.25135,0.47122,0.87968,0.06418,-0.25135,0.06418,0.96577,0.24374,0.54576,0.701,0
0.8446,-0.471,0.25458,0.471,0.87973,0.065005,-0.25458,0.065005,0.96486,0.24465,0.5451,0.70031,0
0.84373,-0.47078,0.25783,0.47078,0.87979,0.065835,-0.25783,0.065835,0.96395,0.24556,0.54445,0.69962,0
0.84286,-0.47056,0.26109,0.47056,0.87985,0.066668,-0.26109,0.066668,0.96301,0.24648,0.54378,0.69892,0
0.84196,-0.47033,0.26437,0.47033,0.87991,0.067504,-0.26437,0.067504,0.96206,0.2474,0.54312,0.69821,0
0.84105,-0.4701,0.26766,0.4701,0.87996,0.068345,-0.26766,0.068345,0.96109,0.24833,0.54245,0.69751,0
0.84012,-0.46986,0.27096,0.46986,0.88002,0.069189,-0.27096,0.069189,0.9601,0.24926,0.54177,0.6968,0
0.83918,-0.46962,0.27428,0.46962,0.88009,0.070036,-0.27428,0.070036,0.9591,0.2502,0.5411,0.69608,0
0.83822,-0.46938,0.27762,0.46938,0.88015,0.070887,-0.27762,0.070887,0.95807,0.25114,0.54042,0.69536,0
0.83725,-0.46913,0.28096,0.46913,0.88021,0.071742,-0.28096,0.071742,0.95703,0.25209,0.53973,0.69464,0
0.83625,-0.46887,0.28432,0.46887,0.88028,0.072599,-0.28432,0.072599,0.95598,0.25304,0.53905,0.69392,0
0.83524,-0.46861,0.2877,0.46861,0.88034,0.073461,-0.2877,0.073461,0.9549,0.254,0.53836,0.69319,0
0.83422,-0.46835,0.29108,0.46835,0.88041,0.074325,-0.29108,0.074325,0.95381,0.25496,0.53766,0.69246,0
0.83317,-0.46809,0.29448,0.46809,0.88048,0.075193,-0.29448,0.075193,0.9527,0.25593,0.53696,0.69172,0
0.83211,-0.46781,0.29789,0.46781,0.88055,0.076064,-0.29789,0.076064,0.95156,0.2569,0.53626,0.69098,0
0.83103,-0.46754,0.30131,0.46754,0.88062,0.076938,-0.30131,0.076938,0.95042,0.25788,0.53556,0.69024,0
0.82994,-0.46726,0.30475,0.46726,0.88069,0.077816,-0.30475,0.077816,0.94925,0.25886,0.53485,0.68949,0
0.82882,-0.46698,0.3082,0.46698,0.88076,0.078696,-0.3082,0.078696,0.94806,0.25984,0.53414,0.68874,0
0.82769,-0.46669,0.31166,0.46669,0.88084,0.07958,-0.31166,0.07958,0.94686,0.26083,0.53343,0.68798,0
0.82654,-0.46639,0.31513,0.46639,0.88091,0.080466,-0.31513,0.080466,0.94563,0.26183,0.53271,0.68723,0
0.82537,-0.46609,0.31861,0.46609,0.88099,0.081356,-0.31861,0.081356,0.94439,0.26283,0.53199,0.68647,0
0.82419,-0.46579,0.32211,0.46579,0.88106,0.082248,-0.32211,0.082248,0.94312,0.26383,0.53126,0.6857,0
0.82298,-0.46548,0.32562,0.46548,0.88114,0.083143,-0.32562,0.083143,0.94184,0.26484,0.53053,0.68493,0
0.82176,-0.46517,0.32913,0.46517,0.88122,0.084042,-0.32913,0.084042,0.94054,0.26585,0.5298,0.68416,0
0.82052,-0.46485,0.33266,0.46485,0.8813,0.084943,-0.33266,0.084943,0.93921,0.26687,0.52907,0.68339,0
0.81926,-0.46453,0.3362,0.46453,0.88139,0.085846,-0.3362,0.085846,0.93787,0.26789,0.52833,0.68261,0
0.81798,-0.46421,0.33975,0.46421,0.88147,0.086753,-0.33975,0.086753,0.93651,0.26892,0.52759,0.68183,0
0.81668,-0.46387,0.34331,0.46387,0.88155,0.087661,-0.34331,0.087661,0.93512,0.26995,0.52685,0.68104,0
0.81536,-0.46354,0.34688,0.46354,0.88164,0.088573,-0.34688,0.088573,0.93372,0.27099,0.5261,0.68025,0
0.81402,-0.4632,0.35046,0.4632,0.88173,0.089487,-0.35046,0.089487,0.93229,0.27203,0.52535,0.67946,0
0.81266,-0.46285,0.35405,0.46285,0.88182,0.090404,-0.35405,0.090404,0.93085,0.27307,0.52459,0.67866,0
0.81129,-0.4625,0.35765,0.4625,0.88191,0.091323,-0.35765,0.091323,0.92938,0.27412,0.52384,0.67787,0
0.80989,-0.46214,0.36126,0.46214,0.882,0.092244,-0.36126,0.092244,0.92789,0.27517,0.52308,0.67706,0
0.80847,-0.46178,0.36487,0.46178,0.88209,0.093168,-0.36487,0.093168,0.92638,0.27623,0.52231,0.67626,0
0.80704,-0.46141,0.3685,0.46141,0.88218,0.094094,-0.3685,0.094094,0.92485,0.27729,0.52155,0.67545,0
0.80558,-0.46104,0.37214,0.46104,0.88228,0.095022,-0.37214,0.095022,0.9233,0.27836,0.52078,0.67464,0
0.8041,-0.46066,0.37578,0.46066,0.88237,0.095952,-0.37578,0.095952,0.92173,0.27943,0.52001,0.67382,0
0.8026,-0.46028,0.37943,0.46028,0.88247,0.096885,-0.37943,0.096885,0.92013,0.2805,0.51923,0.673,0
0.80109,-0.45989,0.38309,0.45989,0.88257,0.09782,-0.38309,0.09782,0.91852,0.28158,0.51845,0.67218,0
0.79955,-0.4595,0.38676,0.4595,0.88267,0.098756,-0.38676,0.098756,0.91688,0.28267,0.51767,0.67135,0
0.79799,-0.4591,0.39044,0.4591,0.88277,0.099695,-0.39044,0.099695,0.91522,0.28376,0.51688,0.67053,0
0.79641,-0.4587,0.39412,0.4587,0.88288,0.10064,-0.39412,0.10064,0.91353,0.28485,0.5161,0.66969,0
0.79481,-0.45829,0.39781,0.45829,0.88298,0.10158,-0.39781,0.10158,0.91183,0.28594,0.5153,0.66886,0
0.79318,-0.45788,0.40151,0.45788,0.88309,0.10252,-0.40151,0.10252,0.9101,0.28704,0.51451,0.66802,0
0.79154,-0.45746,0.40521,0.45746,0.88319,0.10347,-0.40521,0.10347,0.90835,0.28815,0.51371,0.66718,0
0.78988,-0.45703,0.40893,0.45703,0.8833,0.10442,-0.40893,0.10442,0.90657,0.28926,0.51291,0.66633,0
0.78819,-0.4566,0.41264,0.4566,0.88341,0.10537,-0.41264,0.10537,0.90478,0.29037,0.51211,0.66549,0
0.78648,-0.45616,0.41637,0.45616,0.88352,0.10632,-0.41637,0.10632,0.90296,0.29149,0.5113,0.66464,0
0.78475,-0.45572,0.4201,0.45572,0.88364,0.10727,-0.4201,0.10727,0.90112,0.29261,0.51049,0.66378,0
0.783,-0.45527,0.42383,0.45527,0.88375,0.10822,-0.42383,0.10822,0.89925,0.29373,0.50968,0.66293,0
0.78123,-0.45482,0.42758,0.45482,0.88386,0.10918,-0.42758,0.10918,0.89736,0.29486,0.50887,0.66207,0
0.77943,-0.45436,0.43132,0.45436,0.88398,0.11014,-0.43132,0.11014,0.89545,0.296,0.50805,0.6612,0
0.77761,-0.4539,0.43508,0.4539,0.8841,0.11109,-0.43508,0.11109,0.89351,0.29713,0.50723,0.66034,0
0.77577,-0.45343,0.43883,0.45343,0.88422,0.11205,-0.43883,0.11205,0.89155,0.29827,0.50641,0.65947,0
0.77391,-0.45295,0.4426,0.45295,0.88434,0.11301,-0.4426,0.11301,0.88957,0.29942,0.50558,0.65859,0
0.77203,-0.45247,0.44636,0.45247,0.88446,0.11398,-0.44636,0.11398,0.88756,0.30057,0.50475,0.65772,0
0.77012,-0.45199,0.45013,0.45199,0.88459,0.11494,-0.45013,0.11494,0.88553,0.30172,0.50392,0.65684,0
0.76819,-0.45149,0.45391,0.45149,0.88471,0.1159,-0.45391,0.1159,0.88348,0.30288,0.50308,0.65596,0
0.76624,-0.451,0.45769,0.451,0.88484,0.11687,-0.45769,0.11687,0.8814,0.30404,0.50224,0.65508,0
0.76427,-0.45049,0.46147,0.45049,0.88497,0.11783,-0.46147,0.11783,0.8793,0.30521,0.5014,0.65419,0
0.76227,-0.44998,0.46526,0.44998,0.8851,0.1188,-0.46526,0.1188,0.87717,0.30637,0.50056,0.6533,0
0.76025,-0.44947,0.46904,0.44947,0.88523,0.11977,-0.46904,0.11977,0.87502,0.30755,0.49971,0.65241,0
0.75821,-0.44894,0.47284,0.44894,0.88537,0.12074,-0.47284,0.12074,0.87284,0.30872,0.49887,0.65151,0
0.75614,-0.44842,0.47663,0.44842,0.8855,0.1217,-0.47663,0.1217,0.87064,0.3099,0.49801,0.65061,0
0.75405,-0.44788,0.48043,0.44788,0.88564,0.12267,-0.48043,0.12267,0.86841,0.31109,0.49716,0.64971,0
0.75194,-0.44734,0.48423,0.44734,0.88577,0.12364,-0.48423,0.12364,0.86616,0.31227,0.4963,0.6488,0
0.7498,-0.4468,0.48803,0.4468,0.88591,0.12461,-0.48803,0.12461,0.86389,0.31347,0.49544,0.6479,0
0.74764,-0.44625,0.49183,0.44625,0.88605,0.12559,-0.49183,0.12559,0.86159,0.31466,0.49458,0.64699,0
0.74546,-0.44569,0.49564,0.44569,0.8862,0.12656,-0.49564,0.12656,0.85926,0.31586,0.49372,0.64607,0
0.74325,-0.44512,0.49944,0.44512,0.88634,0.12753,-0.49944,0.12753,0.85691,0.31706,0.49285,0.64516,0
0.74102,-0.44456,0.50325,0.44456,0.88649,0.1285,-0.50325,0.1285,0.85453,0.31827,0.49198,0.64424,0
0.73877,-0.44398,0.50706,0.44398,0.88663,0.12947,-0.50706,0.12947,0.85213,0.31948,0.4911,0.64332,0
0.73649,-0.4434,0.51087,0.4434,0.88678,0.13045,-0.51087,0.13045,0.84971,0.32069,0.49023,0.64239,0
0.73419,-0.44281,0.51468,0.44281,0.88693,0.13142,-0.51468,0.13142,0.84725,0.32191,0.48935,0.64147,0
0.73186,-0.44222,0.51848,0.44222,0.88708,0.13239,-0.51848,0.13239,0.84478,0.32313,0.48847,0.64054,0
0.72951,-0.44162,0.52229,0.44162,0.88724,0.13336,-0.52229,0.13336,0.84227,0.32435,0.48759,0.6396,0
0.72714,-0.44101,0.5261,0.44101,0.88739,0.13434,-0.5261,0.13434,0.83974,0.32558,0.4867,0.63867,0
0.72474,-0.4404,0.52991,0.4404,0.88755,0.13531,-0.52991,0.13531,0.83719,0.32681,0.48581,0.63773,0
0.72232,-0.43978,0.53372,0.43978,0.88771,0.13628,-0.53372,0.13628,0.83461,0.32805,0.48492,0.63679,0
0.71987,-0.43915,0.53752,0.43915,0.88787,0.13725,-0.53752,0.13725,0.832,0.32928,0.48403,0.63585,0
0.7174,-0.43852,0.54133,0.43852,0.88803,0.13822,-0.54133,0.13822,0.82937,0.33053,0.48313,0.6349,0
0.7149,-0.43789,0.54513,0.43789,0.88819,0.13919,-0.54513,0.13919,0.82671,0.33177,0.48223,0.63395,0
0.71238,-0.43724,0.54893,0.43724,0.88835,0.14017,-0.54893,0.14017,0.82403,0.33302,0.48133,0.633,0
0.70984,-0.43659,0.55273,0.43659,0.88852,0.14114,-0.55273,0.14114,0.82132,0.33427,0.48043,0.63205,0
0.70727,-0.43594,0.55653,0.43594,0.88869,0.1421,-0.55653,0.1421,0.81859,0.33553,0.47952,0.63109,0
0.70468,-0.43528,0.56032,0.43528,0.88886,0.14307,-0.56032,0.14307,0.81582,0.33678,0.47861,0.63014,0
0.70206,-0.43461,0.56411,0.43461,0.88903,0.14404,-0.56411,0.14404,0.81304,0.33805,0.4777,0.62917,0
0.69942,-0.43393,0.5679,0.43393,0.8892,0.14501,-0.5679,0.14501,0.81022,0.33931,0.47679,0.62821,0
0.69675,-0.43325,0.57169,0.43325,0.88937,0.14598,-0.57169,0.14598,0.80738,0.34058,0.47587,0.62724,0
0.69406,-0.43257,0.57547,0.43257,0.88955,0.14694,-0.57547,0.14694,0.80452,0.34185,0.47496,0.62628,0
0.69135,-0.43187,0.57925,0.43187,0.88973,0.14791,-0.57925,0.14791,0.80162,0.34313,0.47404,0.6253,0
0.68861,-0.43117,0.58302,0.43117,0.8899,0.14887,-0.58302,0.14887,0.7987,0.34441,0.47311,0.62433,0
0.68584,-0.43047,0.58679,0.43047,0.89008,0.14983,-0.58679,0.14983,0.79576,0.34569,0.47219,0.62335,0
0.68305,-0.42975,0.59055,0.42975,0.89027,0.15079,-0.59055,0.15079,0.79279,0.34697,0.47126,0.62238,0
0.68024,-0.42903,0.59431,0.42903,0.89045,0.15175,-0.59431,0.15175,0.78979,0.34826,0.47033,0.62139,0
0.6774,-0.42831,0.59807,0.42831,0.89063,0.15271,-0.59807,0.15271,0.78676,0.34955,0.4694,0.62041,0
0.67453,-0.42758,0.60182,0.42758,0.89082,0.15367,-0.60182,0.15367,0.78371,0.35085,0.46847,0.61943,0
0.67164,-0.42684,0.60556,0.42684,0.89101,0.15463,-0.60556,0.15463,0.78063,0.35214,0.46753,0.61844,0
0.66873,-0.4261,0.6093,0.4261,0.8912,0.15558,-0.6093,0.15558,0.77753,0.35345,0.46659,0.61745,0
0.66579,-0.42535,0.61303,0.42535,0.89139,0.15653,-0.61303,0.15653,0.7744,0.35475,0.46565,0.61645,0
0.66282,-0.42459,0.61676,0.42459,0.89158,0.15748,-0.61676,0.15748,0.77124,0.35606,0.46471,0.61546,0
0.65984,-0.42383,0.62047,0.42383,0.89178,0.15843,-0.62047,0.15843,0.76806,0.35737,0.46376,0.61446,0
0.65682,-0.42306,0.62419,0.42306,0.89198,0.15938,-0.62419,0.15938,0.76485,0.35868,0.46281,0.61346,0
0.65378,-0.42228,0.62789,0.42228,0.89217,0.16033,-0.62789,0.16033,0.76161,0.35999,0.46186,0.61246,0
0.65072,-0.4215,0.63159,0.4215,0.89237,0.16127,-0.63159,0.16127,0.75834,0.36131,0.46091,0.61145,0
0.64763,-0.42071,0.63528,0.42071,0.89258,0.16221,-0.63528,0.16221,0.75505,0.36264,0.45996,0.61045,0
0.64452,-0.41991,0.63896,0.41991,0.89278,0.16315,-0.63896,0.16315,0.75174,0.36396,0.459,0.60944,0
0.64138,-0.41911,0.64264,0.41911,0.89298,0.16409,-0.64264,0.16409,0.74839,0.36529,0.45804,0.60843,0
0.63821,-0.4183,0.6463,0.4183,0.89319,0.16503,-0.6463,0.16503,0.74502,0.36662,0.45708,0.60741,0
0.63502,-0.41749,0.64996,0.41749,0.8934,0.16596,-0.64996,0.16596,0.74163,0.36795,0.45612,0.6064,0
0.63181,-0.41667,0.65361,0.41667,0.89361,0.16689,-0.65361,0.16689,0.7382,0.36929,0.45516,0.60538,0
0.62857,-0.41584,0.65724,0.41584,0.89382,0.16782,-0.65724,0.16782,0.73476,0.37063,0.45419,0.60436,0
0.62531,-0.41501,0.66087,0.41501,0.89403,0.16875,-0.66087,0.16875,0.73128,0.37197,0.45322,0.60334,0
0.62202,-0.41417,0.66449,0.41417,0.89424,0.16967,-0.66449,0.16967,0.72778,0.37332,0.45225,0.60231,0
0.61871,-0.41332,0.6681,0.41332,0.89446,0.17059,-0.6681,0.17059,0.72425,0.37466,0.45128,0.60129,0
0.61537,-0.41247,0.6717,0.41247,0.89468,0.17151,-0.6717,0.17151,0.72069,0.37601,0.4503,0.60026,0
0.61201,-0.41161,0.67529,0.41161,0.8949,0.17243,-0.67529,0.17243,0.71711,0.37737,0.44933,0.59923,0
0.60862,-0.41075,0.67887,0.41075,0.89512,0.17334,-0.67887,0.17334,0.7135,0.37872,0.44835,0.59819,0
0.60521,-0.40988,0.68244,0.40988,0.89534,0.17426,-0.68244,0.17426,0.70987,0.38008,0.44737,0.59716,0
0.60177,-0.409,0.68599,0.409,0.89557,0.17516,-0.68599,0.17516,0.70621,0.38144,0.44639,0.59612,0
0.59831,-0.40812,0.68954,0.40812,0.89579,0.17607,-0.68954,0.17607,0.70252,0.38281,0.4454,0.59508,0
0.59483,-0.40723,0.69307,0.40723,0.89602,0.17697,-0.69307,0.17697,0.69881,0.38418,0.44441,0.59404,0
0.59132,-0.40633,0.69659,0.40633,0.89625,0.17787,-0.69659,0.17787,0.69507,0.38555,0.44343,0.593,0
0.58778,-0.40543,0.7001,0.40543,0.89648,0.17877,-0.7001,0.17877,0.6913,0.38692,0.44244,0.59195,0
0.58422,-0.40452,0.7036,0.40452,0.89671,0.17966,-0.7036,0.17966,0.68751,0.38829,0.44144,0.59091,0
0.58064,-0.4036,0.70708,0.4036,0.89694,0.18055,-0.70708,0.18055,0.68369,0.38967,0.44045,0.58986,0
0.57703,-0.40268,0.71055,0.40268,0.89718,0.18143,-0.71055,0.18143,0.67985,0.39105,0.43945,0.5888,0
0.5734,-0.40175,0.71401,0.40175,0.89742,0.18232,-0.71401,0.18232,0.67598,0.39243,0.43846,0.58775,0
0.56974,-0.40082,0.71745,0.40082,0.89765,0.1832,-0.71745,0.1832,0.67209,0.39382,0.43746,0.5867,0
0.56606,-0.39988,0.72088,0.39988,0.89789,0.18407,-0.72088,0.18407,0.66816,0.39521,0.43645,0.58564,0
0.56235,-0.39893,0.7243,0.39893,0.89814,0.18494,-0.7243,0.18494,0.66422,0.3966,0.43545,0.58458,0
0.55862,-0.39798,0.7277,0.39798,0.89838,0.18581,-0.7277,0.18581,0.66024,0.39799,0.43445,0.58352,0
0.55487,-0.39702,0.73109,0.39702,0.89862,0.18668,-0.73109,0.18668,0.65625,0.39938,0.43344,0.58246,0
0.55109,-0.39606,0.73446,0.39606,0.89887,0.18754,-0.73446,0.18754,0.65222,0.40078,0.43243,0.58139,0
0.54729,-0.39509,0.73782,0.39509,0.89912,0.1884,-0.73782,0.1884,0.64817,0.40218,0.43142,0.58033,0
0.54347,-0.39411,0.74116,0.39411,0.89937,0.18925,-0.74116,0.18925,0.6441,0.40358,0.43041,0.57926,0
0.53962,-0.39313,0.74449,0.39313,0.89962,0.1901,-0.74449,0.1901,0.64,0.40499,0.4294,0.57819,0
0.53574,-0.39214,0.7478,0.39214,0.89987,0.19094,-0.7478,0.19094,0.63587,0.40639,0.42838,0.57712,0
0.53185,-0.39114,0.7511,0.39114,0.90012,0.19179,-0.7511,0.19179,0.63172,0.4078,0.42736,0.57604,0
0.52793,-0.39014,0.75437,0.39014,0.90038,0.19262,-0.75437,0.19262,0.62755,0.40922,0.42634,0.57497,0
0.52398,-0.38914,0.75764,0.38914,0.90064,0.19346,-0.75764,0.19346,0.62335,0.41063,0.42532,0.57389,0
0.52002,-0.38812,0.76088,0.38812,0.9009,0.19429,-0.76088,0.19429,0.61912,0.41205,0.4243,0.57281,0
0.51603,-0.38711,0.76411,0.38711,0.90116,0.19511,-0.76411,0.19511,0.61487,0.41346,0.42328,0.57173,0
0.51201,-0.38608,0.76732,0.38608,0.90142,0.19593,-0.76732,0.19593,0.6106,0.41489,0.42225,0.57065,0
0.50798,-0.38505,0.77052,0.38505,0.90168,0.19675,-0.77052,0.19675,0.6063,0.41631,0.42123,0.56957,0
0.50392,-0.38401,0.77369,0.38401,0.90195,0.19756,-0.77369,0.19756,0.60197,0.41773,0.4202,0.56848,0
0.49984,-0.38297,0.77685,0.38297,0.90221,0.19836,-0.77685,0.19836,0.59763,0.41916,0.41917,0.56739,0
0.49573,-0.38192,0.77999,0.38192,0.90248,0.19916,-0.77999,0.19916,0.59325,0.42059,0.41814,0.56631,0
0.4916,-0.38087,0.78311,0.38087,0.90275,0.19996,-0.78311,0.19996,0.58886,0.42202,0.4171,0.56521,0
0.48745,-0.37981,0.78621,0.37981,0.90302,0.20075,-0.78621,0.20075,0.58444,0.42346,0.41607,0.56412,0
0.48328,-0.37874,0.7893,0.37874,0.90329,0.20154,-0.7893,0.20154,0.57999,0.42489,0.41503,0.56303,0
0.47909,-0.37767,0.79236,0.37767,0.90356,0.20232,-0.79236,0.20232,0.57552,0.42633,0.41399,0.56193,0
0.47487,-0.3766,0.79541,0.3766,0.90384,0.2031,-0.79541,0.2031,0.57103,0.42777,0.41295,0.56084,0
0.47063,-0.37551,0.79843,0.37551,0.90412,0.20387,-0.79843,0.20387,0.56651,0.42921,0.41191,0.55974,0
0.46637,-0.37443,0.80144,0.37443,0.90439,0.20464,-0.80144,0.20464,0.56197,0.43066,0.41087,0.55864,0
0.46208,-0.37333,0.80443,0.37333,0.90467,0.2054,-0.80443,0.2054,0.55741,0.4321,0.40983,0.55754,0
0.45778,-0.37223,0.80739,0.37223,0.90495,0.20616,-0.80739,0.20616,0.55283,0.43355,0.40878,0.55643,0
0.45345,-0.37113,0.81034,0.37113,0.90524,0.20691,-0.81034,0.20691,0.54822,0.435,0.40774,0.55533,0
0.4491,-0.37002,0.81326,0.37002,0.90552,0.20766,-0.81326,0.20766,0.54359,0.43645,0.40669,0.55422,0
0.44473,-0.3689,0.81616,0.3689,0.9058,0.2084,-0.81616,0.2084,0.53893,0.43791,0.40564,0.55312,0
0.44034,-0.36778,0.81905,0.36778,0.90609,0.20914,-0.81905,0.20914,0.53425,0.43936,0.40459,0.55201,0
0.43593,-0.36665,0.82191,0.36665,0.90638,0.20987,-0.82191,0.20987,0.52955,0.44082,0.40354,0.5509,0
0.4315,-0.36552,0.82474,0.36552,0.90667,0.21059,-0.82474,0.21059,0.52483,0.44228,0.40248,0.54979,0
0.42704,-0.36438,0.82756,0.36438,0.90696,0.21131,-0.82756,0.21131,0.52009,0.44374,0.40143,0.54867,0
0.42257,-0.36324,0.83036,0.36324,0.90725,0.21202,-0.83036,0.21202,0.51532,0.44521,0.40037,0.54756,0
0.41807,-0.36209,0.83313,0.36209,0.90754,0.21273,-0.83313,0.21273,0.51053,0.44667,0.39931,0.54644,0
0.41356,-0.36094,0.83588,0.36094,0.90784,0.21343,-0.83588,0.21343,0.50572,0.44814,0.39826,0.54532,0
0.40902,-0.35978,0.8386,0.35978,0.90813,0.21413,-0.8386,0.21413,0.50089,0.44961,0.3972,0.54421,0
0.40447,-0.35862,0.84131,0.35862,0.90843,0.21482,-0.84131,0.21482,0.49604,0.45108,0.39613,0.54309,0
0.39989,-0.35745,0.84399,0.35745,0.90873,0.21551,-0.84399,0.21551,0.49116,0.45255,0.39507,0.54196,0
0.39529,-0.35628,0.84665,0.35628,0.90903,0.21618,-0.84665,0.21618,0.48627,0.45402,0.39401,0.54084,0
0.39068,-0.3551,0.84928,0.3551,0.90933,0.21686,-0.84928,0.21686,0.48135,0.4555,0.39294,0.53972,0
0.38604,-0.35391,0.85189,0.35391,0.90963,0.21752,-0.85189,0.21752,0.47641,0.45698,0.39188,0.53859,0
0.38139,-0.35273,0.85448,0.35273,0.90993,0.21818,-0.85448,0.21818,0.47145,0.45846,0.39081,0.53747,0
0.37671,-0.35153,0.85704,0.35153,0.91024,0.21884,-0.85704,0.21884,0.46647,0.45994,0.38974,0.53634,0
0.37202,-0.35033,0.85957,0.35033,0.91055,0.21949,-0.85957,0.21949,0.46147,0.46142,0.38867,0.53521,0
0.36731,-0.34913,0.86209,0.34913,0.91085,0.22013,-0.86209,0.22013,0.45646,0.4629,0.3876,0.53408,0
0.36258,-0.34792,0.86457,0.34792,0.91116,0.22076,-0.86457,0.22076,0.45142,0.46439,0.38653,0.53295,0
0.35783,-0.34671,0.86704,0.34671,0.91147,0.22139,-0.86704,0.22139,0.44636,0.46587,0.38546,0.53181,0
0.35306,-0.34549,0.86947,0.34549,0.91178,0.22201,-0.86947,0.22201,0.44128,0.46736,0.38438,0.53068,0
0.34827,-0.34427,0.87188,0.34427,0.91209,0.22263,-0.87188,0.22263,0.43618,0.46885,0.38331,0.52955,0
0.34347,-0.34304,0.87427,0.34304,0.91241,0.22324,-0.87427,0.22324,0.43106,0.47035,0.38223,0.52841,0
0.33865,-0.34181,0.87663,0.34181,0.91272,0.22384,-0.87663,0.22384,0.42593,0.47184,0.38115,0.52727,0
0.33381,-0.34058,0.87896,0.34058,0.91304,0.22444,-0.87896,0.22444,0.42077,0.47333,0.38007,0.52613,0
0.32895,-0.33934,0.88127,0.33934,0.91335,0.22503,-0.88127,0.22503,0.4156,0.47483,0.37899,0.525,0
0.32408,-0.33809,0.88355,0.33809,0.91367,0.22561,-0.88355,0.22561,0.41041,0.47633,0.37791,0.52385,0
0.31919,-0.33684,0.88581,0.33684,0.91399,0.22618,-0.88581,0.22618,0.4052,0.47782,0.37683,0.52271,0
0.31428,-0.33559,0.88804,0.33559,0.91431,0.22675,-0.88804,0.22675,0.39997,0.47933,0.37575,0.52157,0
0.30935,-0.33433,0.89024,0.33433,0.91463,0.22731,-0.89024,0.22731,0.39472,0.48083,0.37467,0.52043,0
0.30441,-0.33307,0.89241,0.33307,0.91495,0.22787,-0.89241,0.22787,0.38946,0.48233,0.37358,0.51928,0
0.29945,-0.33181,0.89456,0.33181,0.91528,0.22842,-0.89456,0.22842,0.38418,0.48383,0.3725,0.51814,0
0.29448,-0.33054,0.89668,0.33054,0.9156,0.22896,-0.89668,0.22896,0.37888,0.48534,0.37141,0.51699,0
0.28949,-0.32926,0.89877,0.32926,0.91593,0.22949,-0.89877,0.22949,0.37356,0.48685,0.37032,0.51584,0
0.28448,-0.32798,0.90083,0.32798,0.91625,0.23002,-0.90083,0.23002,0.36823,0.48835,0.36923,0.51469,0
0.27946,-0.3267,0.90287,0.3267,0.91658,0.23054,-0.90287,0.23054,0.36288,0.48986,0.36814,0.51354,0
0.27443,-0.32541,0.90487,0.32541,0.91691,0.23105,-0.90487,0.23105,0.35752,0.49137,0.36705,0.51239,0
0.26937,-0.32412,0.90685,0.32412,0.91724,0.23156,-0.90685,0.23156,0.35214,0.49289,0.36596,0.51124,0
0.26431,-0.32283,0.9088,0.32283,0.91757,0.23206,-0.9088,0.23206,0.34674,0.4944,0.36487,0.51009,0
0.25923,-0.32153,0.91072,0.32153,0.9179,0.23255,-0.91072,0.23255,0.34133,0.49591,0.36378,0.50894,0
0.25413,-0.32023,0.91262,0.32023,0.91823,0.23303,-0.91262,0.23303,0.3359,0.49743,0.36268,0.50778,0
0.24902,-0.31893,0.91448,0.31893,0.91856,0.23351,-0.91448,0.23351,0.33045,0.49895,0.36159,0.50663,0
0.24389,-0.31762,0.91632,0.31762,0.9189,0.23397,-0.91632,0.23397,0.325,0.50046,0.36049,0.50547,0
0.23876,-0.31631,0.91812,0.31631,0.91923,0.23443,-0.91812,0.23443,0.31952,0.50198,0.3594,0.50431,0
0.2336,-0.31499,0.9199,0.31499,0.91957,0.23489,-0.9199,0.23489,0.31403,0.5035,0.3583,0.50316,0
0.22844,-0.31367,0.92164,0.31367,0.91991,0.23533,-0.92164,0.23533,0.30853,0.50502,0.3572,0.502,0
0.22326,-0.31235,0.92336,0.31235,0.92024,0.23577,-0.92336,0.23577,0.30302,0.50654,0.35611,0.50084,0
0.21807,-0.31102,0.92505,0.31102,0.92058,0.2362,-0.92505,0.2362,0.29748,0.50807,0.35501,0.49968,0
0.21286,-0.30969,0.9267,0.30969,0.92092,0.23663,-0.9267,0.23663,0.29194,0.50959,0.35391,0.49852,0
0.20765,-0.30836,0.92833,0.30836,0.92126,0.23704,-0.92833,0.23704,0.28638,0.51112,0.35281,0.49736,0
0.20242,-0.30703,0.92993,0.30703,0.9216,0.23745,-0.92993,0.23745,0.28081,0.51264,0.35171,0.49619,0
0.19717,-0.30569,0.93149,0.30569,0.92194,0.23785,-0.93149,0.23785,0.27523,0.51417,0.3506,0.49503,0
0.19192,-0.30435,0.93303,0.30435,0.92229,0.23824,-0.93303,0.23824,0.26963,0.5157,0.3495,0.49387,0
0.18666,-0.303,0.93453,0.303,0.92263,0.23863,-0.93453,0.23863,0.26402,0.51723,0.3484,0.4927,0
0.18138,-0.30166,0.93601,0.30166,0.92297,0.239,-0.93601,0.239,0.2584,0.51875,0.34729,0.49154,0
0.17609,-0.30031,0.93745,0.30031,0.92332,0.23937,-0.93745,0.23937,0.25277,0.52029,0.34619,0.49037,0
0.17079,-0.29895,0.93886,0.29895,0.92366,0.23973,-0.93886,0.23973,0.24713,0.52182,0.34508,0.48921,0
0.16548,-0.2976,0.94024,0.2976,0.92401,0.24008,-0.94024,0.24008,0.24147,0.52335,0.34398,0.48804,0
0.16016,-0.29624,0.94159,0.29624,0.92436,0.24043,-0.94159,0.24043,0.2358,0.52488,0.34287,0.48687,0
0.15483,-0.29488,0.94291,0.29488,0.92471,0.24076,-0.94291,0.24076,0.23013,0.52641,0.34177,0.4857,0
0.14949,-0.29351,0.94419,0.29351,0.92505,0.24109,-0.94419,0.24109,0.22444,0.52795,0.34066,0.48454,0
0.14414,-0.29215,0.94545,0.29215,0.9254,0.24141,-0.94545,0.24141,0.21874,0.52948,0.33955,0.48337,0
0.13878,-0.29078,0.94667,0.29078,0.92575,0.24173,-0.94667,0.24173,0.21303,0.53102,0.33844,0.4822,0
0.13341,-0.28941,0.94786,0.28941,0.9261,0.24203,-0.94786,0.24203,0.20731,0.53256,0.33733,0.48103,0
0.12803,-0.28803,0.94902,0.28803,0.92645,0.24233,-0.94902,0.24233,0.20158,0.53409,0.33622,0.47986,0
0.12265,-0.28666,0.95015,0.28666,0.9268,0.24261,-0.95015,0.24261,0.19584,0.53563,0.33511,0.47868,0
0.11725,-0.28528,0.95125,0.28528,0.92716,0.24289,-0.95125,0.24289,0.19009,0.53717,0.334,0.47751,0
0.11185,-0.2839,0.95231,0.2839,0.92751,0.24316,-0.95231,0.24316,0.18434,0.53871,0.33289,0.47634,0
0.10643,-0.28252,0.95334,0.28252,0.92786,0.24343,-0.95334,0.24343,0.17857,0.54025,0.33178,0.47517,0
0.10101,-0.28113,0.95434,0.28113,0.92821,0.24368,-0.95434,0.24368,0.1728,0.54179,0.33067,0.47399,0
0.095586,-0.27975,0.9553,0.27975,0.92857,0.24393,-0.9553,0.24393,0.16702,0.54333,0.32956,0.47282,0
0.090151,-0.27836,0.95624,0.27836,0.92892,0.24417,-0.95624,0.24417,0.16123,0.54487,0.32845,0.47165,0
0.084709,-0.27697,0.95714,0.27697,0.92928,0.2444,-0.95714,0.2444,0.15543,0.54641,0.32733,0.47047,0
0.07926,-0.27558,0.958,0.27558,0.92963,0.24462,-0.958,0.24462,0.14963,0.54796,0.32622,0.4693,0
0.073804,-0.27419,0.95884,0.27419,0.92999,0.24483,-0.95884,0.24483,0.14382,0.5495,0.32511,0.46812,0
0.068343,-0.27279,0.95964,0.27279,0.93034,0.24504,-0.95964,0.24504,0.138,0.55104,0.32399,0.46695,0
0.062875,-0.2714,0.96041,0.2714,0.9307,0.24523,-0.96041,0.24523,0.13217,0.55259,0.32288,0.46577,0
0.057401,-0.27,0.96115,0.27,0.93106,0.24542,-0.96115,0.24542,0.12634,0.55413,0.32176,0.46459,0
0.051922,-0.2686,0.96185,0.2686,0.93142,0.2456,-0.96185,0.2456,0.12051,0.55568,0.32065,0.46342,0
0.046437,-0.2672,0.96252,0.2672,0.93177,0.24577,-0.96252,0.24577,0.11466,0.55722,0.31953,0.46224,0
0.040947,-0.2658,0.96316,0.2658,0.93213,0.24593,-0.96316,0.24593,0.10882,0.55877,0.31842,0.46106,0
0.035453,-0.26439,0.96376,0.26439,0.93249,0.24609,-0.96376,0.24609,0.10296,0.56031,0.3173,0.45989,0
0.029954,-0.26299,0.96433,0.26299,0.93285,0.24623,-0.96433,0.24623,0.097106,0.56186,0.31619,0.45871,0
0.02445,-0.26159,0.96487,0.26159,0.93321,0.24637,-0.96487,0.24637,0.091244,0.56341,0.31507,0.45753,0
0.018943,-0.26018,0.96537,0.26018,0.93357,0.2465,-0.96537,0.2465,0.085377,0.56495,0.31395,0.45635,0
0.013432,-0.25877,0.96585,0.25877,0.93392,0.24662,-0.96585,0.24662,0.079507,0.5665,0.31284,0.45517,0
0.0079168,-0.25736,0.96628,0.25736,0.93428,0.24673,-0.96628,0.24673,0.073632,0.56805,0.31172,0.45399,0
0.0023988,-0.25595,0.96669,0.25595,0.93464,0.24684,-0.96669,0.24684,0.067755,0.5696,0.3106,0.45282,0
-0.0031222,-0.25454,0.96706,0.25454,0.935,0.24693,-0.96706,0.24693,0.061874,0.57114,0.30949,0.45164,0
-0.008646,-0.25313,0.96739,0.25313,0.93536,0.24702,-0.96739,0.24702,0.05599,0.57269,0.30837,0.45046,0
-0.014172,-0.25172,0.9677,0.25172,0.93572,0.24709,-0.9677,0.24709,0.050103,0.57424,0.30725,0.44928,0
-0.019701,-0.25031,0.96796,0.25031,0.93608,0.24716,-0.96796,0.24716,0.044214,0.57579,0.30613,0.4481,0
-0.025231,-0.2489,0.9682,0.2489,0.93645,0.24722,-0.9682,0.24722,0.038323,0.57734,0.30502,0.44692,0
-0.030763,-0.24749,0.9684,0.24749,0.93681,0.24727,-0.9684,0.24727,0.03243,0.57889,0.3039,0.44574,0
-0.036297,-0.24607,0.96857,0.24607,0.93717,0.24732,-0.96857,0.24732,0.026536,0.58044,0.30278,0.44456,0
-0.041832,-0.24466,0.96871,0.24466,0.93753,0.24735,-0.96871,0.24735,0.020641,0.58199,0.30166,0.44338,0
-0.047367,-0.24325,0.96881,0.24325,0.93789,0.24738,-0.96881,0.24738,0.014744,0.58353,0.30055,0.4422,0
