2.1978,0.27228,0.068033,-0.0064815,0.17022,-0.012117
0.27228,3.5537,1.3104,0.24034,-0.007225,1.9633e-18
0.068033,1.3104,0.83725,0.24764,-0.007225,2.0409e-18
-0.0064815,0.24034,0.24764,0.25368,-0.007225,1.9025e-18
0.17022,-0.007225,-0.007225,-0.007225,0.24073,0
-0.012117,1.9633e-18,2.0409e-18,1.9025e-18,0,0.017136
